.	Tipo_de_tráfico	Densidad	Frenazos	Aceleraciones	Cambios_de_canal	Velocidad	Número_de_Carros	Número_de_motos	VelocidadM	FrenazosM	AceleracionesM	CCM	Minuto	
_3_1	1	4	40	237	8	6.884722222	5665	0	0	0	0	0	1	
_3_2	1	4	28	210	15	6.858622685	5667	0	0	0	0	0	2	
_3_3	1	4	36	237	15	7.027777778	5659	0	0	0	0	0	3	
_3_4	1	4	13	138	13	7.091550926	5664	0	0	0	0	0	4	
_3_5	1	4	54	266	16	7.055497685	5666	0	0	0	0	0	5	
_3_6	1	4	37	260	15	7.039583333	5654	0	0	0	0	0	6	
_3_7	1	4	20	166	11	6.971527778	5667	0	0	0	0	0	7	
_3_8	1	4	21	169	14	6.833738426	5665	0	0	0	0	0	8	
_3_9	1	4	34	227	14	7.058622685	5658	0	0	0	0	0	9	
_3_10	1	4	25	172	16	6.910706019	5670	0	0	0	0	0	10	
_5_11	1	8	389	1505	34	6.718146495	11365	0	0	0	0	0	1	
_5_12	1	8	232	1092	48	6.836230985	11316	0	0	0	0	0	2	
_5_13	1	8	248	1081	41	6.783188657	11335	0	0	0	0	0	3	
_5_14	1	8	259	1129	58	6.830332341	11295	0	0	0	0	0	4	
_5_15	1	8	316	1339	36	6.76827877	11321	0	0	0	0	0	5	
_5_16	1	8	287	1175	38	6.875553902	11315	0	0	0	0	0	6	
_5_17	1	8	212	1033	37	6.937115575	11293	0	0	0	0	0	7	
_5_18	1	8	233	1024	47	6.87886078	11327	0	0	0	0	0	8	
_5_19	1	8	251	1052	45	6.875376157	11315	0	0	0	0	0	9	
_5_20	1	8	319	1266	53	6.576496362	11330	0	0	0	0	0	10	
_6_21	1	12	1015	2973	62	6.556110059	16981	0	0	0	0	0	1	
_6_22	1	12	1089	2593	80	6.506104798	16913	0	0	0	0	0	2	
_6_23	1	12	1174	2953	74	6.338119413	16825	0	0	0	0	0	3	
_6_24	1	12	1208	2660	60	6.372656576	16744	0	0	0	0	0	4	
_6_25	1	12	1321	2843	79	6.136348204	16497	0	0	0	0	0	5	
_6_26	1	12	1237	2664	62	6.176787318	16444	0	0	0	0	0	6	
_6_27	1	12	1434	3022	66	6.038717031	16511	0	0	0	0	0	7	
_6_28	1	12	1358	2901	75	6.317366046	16681	0	0	0	0	0	8	
_6_29	1	12	989	2330	82	6.615868406	16871	0	0	0	0	0	9	
_6_30	1	12	1170	2582	89	6.355173962	16885	0	0	0	0	0	10	
_10_31	1	16	1465	5118	75	6.373578869	22593	0	0	0	0	0	1	
_10_32	1	16	1610	4990	89	6.344540503	22549	0	0	0	0	0	2	
_10_33	1	16	1690	5054	82	6.31670393	22561	0	0	0	0	0	3	
_10_34	1	16	1691	5038	88	6.281159789	22164	0	0	0	0	0	4	
_10_35	1	16	1764	5118	94	6.106279302	22229	0	0	0	0	0	5	
_10_36	1	16	1738	4939	83	6.133600028	22156	0	0	0	0	0	6	
_10_37	1	16	1757	5076	81	6.18403649	22114	0	0	0	0	0	7	
_10_38	1	16	1848	5136	83	6.263404127	22260	0	0	0	0	0	8	
_10_39	1	16	1791	5169	71	6.201372063	22122	0	0	0	0	0	9	
_10_40	1	16	1743	4967	87	6.234622325	22138	0	0	0	0	0	10	
_1_41	1	20	2532	7738	109	6.139403965	28157	0	0	0	0	0	1	
_1_42	1	20	3071	8247	77	5.909543735	28024	0	0	0	0	0	2	
_1_43	1	20	3698	7909	94	5.779778799	27742	0	0	0	0	0	3	
_1_44	1	20	3731	7278	85	5.591134193	27077	0	0	0	0	0	4	
_1_45	1	20	3948	7174	94	5.566876804	27019	0	0	0	0	0	5	
_1_46	1	20	4504	7071	103	5.462104772	27081	0	0	0	0	0	6	
_1_47	1	20	4310	7132	88	5.448252763	27009	0	0	0	0	0	7	
_1_48	1	20	4390	7421	85	5.4119531	27140	0	0	0	0	0	8	
_1_49	1	20	4259	7124	108	5.533077033	26695	0	0	0	0	0	9	
_1_50	1	20	4523	6791	89	5.449909912	26213	0	0	0	0	0	10	
_3_51	2	4	105	455	3	6.871527778	5667	3510	7.139277389	9	64	11	1	
_3_52	2	4	108	500	4	6.800694444	5668	3155	7.014871053	9	63	7	2	
_3_53	2	4	108	478	3	6.897395833	5666	3406	7.182104019	13	71	9	3	
_3_54	2	4	83	400	4	7.153414352	5661	3745	7.114746276	15	76	15	4	
_3_55	2	4	91	430	2	7.144386574	5671	3762	7.227377622	11	70	16	5	
_3_56	2	4	81	402	4	7.235648148	5657	3720	6.940888889	25	85	15	6	
_3_57	2	4	98	428	2	7.000578704	5666	3272	7.088436599	8	61	11	7	
_3_58	2	4	78	391	4	6.892071759	5669	3165	7.14418576	7	59	6	8	
_3_59	2	4	43	240	2	6.891030093	5668	3514	7.08502331	14	67	6	9	
_3_60	2	4	71	347	4	6.930150463	5665	3183	7.391241879	5	60	7	10	
_5_61	2	8	658	1891	10	6.453645833	11380	5694	6.905826432	36	110	36	1	
_5_62	2	8	494	1493	13	6.756704696	11297	5960	7.07984472	64	165	40	2	
_5_63	2	8	460	1427	13	6.57989418	11332	5698	7.016393074	63	158	31	3	
_5_64	2	8	515	1506	13	6.660478671	11327	6165	7.010419255	62	157	45	4	
_5_65	2	8	462	1437	13	6.640571263	11335	6333	6.87031746	75	172	42	5	
_5_66	2	8	528	1593	13	6.620978009	11321	6545	6.988272659	59	165	39	6	
_5_67	2	8	521	1548	8	6.457556217	11353	6346	6.956093858	55	151	36	7	
_5_68	2	8	566	1746	10	6.440401786	11327	5951	7.107678571	63	165	37	8	
_5_69	2	8	634	1941	9	6.513917824	11343	6175	6.993546124	51	144	36	9	
_5_70	2	8	524	1575	8	6.648441634	11324	6224	6.994292971	57	161	33	10	
_6_71	2	12	1271	3786	13	6.335053311	16930	7797	6.992272257	158	277	59	1	
_6_72	2	12	1275	3355	17	6.31973064	16907	8216	7.155949793	135	270	60	2	
_6_73	2	12	1250	3335	12	6.316543561	16917	8036	7.098426105	127	265	66	3	
_6_74	2	12	1248	3338	19	6.288242845	16945	7683	7.080245911	79	199	55	4	
_6_75	2	12	1319	3480	20	6.270335648	16977	8075	6.976650132	76	198	58	5	
_6_76	2	12	1221	3338	20	6.308743687	16931	7978	7.108584957	178	306	56	6	
_6_77	2	12	1124	3000	21	6.458012416	16951	7941	7.048927369	122	257	60	7	
_6_78	2	12	1284	3488	22	6.386771886	16936	8595	6.949522443	116	247	57	8	
_6_79	2	12	1347	3526	17	6.244109848	16966	8371	7.011965379	136	263	77	9	
_6_80	2	12	1322	3394	21	6.29535564	16990	7975	7.319907407	88	219	59	10	
_10_81	2	16	1868	5611	19	6.169116722	22503	9602	7.214093189	142	298	90	1	
_10_82	2	16	1912	5770	19	6.231522372	22509	9648	7.124595803	210	374	92	2	
_10_83	2	16	1911	5701	15	6.098866628	22463	10196	7.144465645	206	355	94	3	
_10_84	2	16	1786	5467	22	6.225182237	22418	9776	6.99039727	197	357	85	4	
_10_85	2	16	2034	5830	19	6.098503953	22401	9954	6.994919197	218	369	91	5	
_10_86	2	16	1865	5564	18	6.145975179	22565	9452	7.133238597	165	313	68	6	
_10_87	2	16	1935	5427	28	6.168380107	22405	9309	7.091600242	188	337	82	7	
_10_88	2	16	2115	5586	18	6.103156441	22291	10040	6.990158692	274	426	104	8	
_10_89	2	16	2145	5764	25	6.156148539	22297	9553	6.951859313	246	391	97	9	
_10_90	2	16	2227	5743	17	6.002743112	22137	9541	6.898115981	291	425	84	10	
_0_91	2	20	2922	8022	20	5.974477136	27728	11187	6.975750449	256	435	107	1	
_0_92	2	20	3184	8447	21	5.904700833	27782	11372	6.911166426	368	529	111	2	
_0_93	2	20	2851	8210	14	5.959700966	27663	11286	7.083153676	316	496	109	3	
_0_94	2	20	3007	8324	13	5.93467939	27839	11450	7.041838572	298	486	122	4	
_0_95	2	20	3203	8199	17	5.807461791	27575	11450	7.151754658	273	439	103	5	
_0_96	2	20	3016	7875	19	5.874627835	27218	10801	7.143461624	288	450	117	6	
_0_97	2	20	3273	7982	29	5.802684376	27090	10039	7.008224034	324	480	83	7	
_0_98	2	20	3132	7577	23	5.824845989	26352	9498	7.208999378	218	377	99	8	
_0_99	2	20	3150	7544	25	5.833464376	26534	9498	7.226574345	220	369	104	9	
_0_100	2	20	3070	7319	32	5.768619106	26456	9584	7.253411015	177	335	93	10	
